# x
-8.999999761581420898e-01
8.999999761581420898e-01
-8.999999761581420898e-01
8.999999761581420898e-01
-8.999999761581420898e-01
8.999999761581420898e-01
-8.999999761581420898e-01
8.999999761581420898e-01
-8.999999761581420898e-01
8.999999761581420898e-01
-8.999999761581420898e-01
8.999999761581420898e-01
-8.999999761581420898e-01
8.999999761581420898e-01
-8.999999761581420898e-01
8.999999761581420898e-01
-8.999999761581420898e-01
-8.632653355598449707e-01
-8.265306353569030762e-01
-7.897959351539611816e-01
-7.530612349510192871e-01
-7.163265347480773926e-01
-6.795918345451354980e-01
-6.428571343421936035e-01
-6.061224341392517090e-01
-5.693877339363098145e-01
-5.326530337333679199e-01
-4.959183633327484131e-01
-4.591836631298065186e-01
-4.224489927291870117e-01
-3.857142925262451172e-01
-3.489795923233032227e-01
-3.122448921203613281e-01
-2.755101919174194336e-01
-2.387755066156387329e-01
-2.020408213138580322e-01
-1.653061211109161377e-01
-1.285714358091354370e-01
-9.183673560619354248e-02
-5.510203912854194641e-02
-1.836734637618064880e-02
1.836734637618064880e-02
5.510203912854194641e-02
9.183673560619354248e-02
1.285714358091354370e-01
1.653061211109161377e-01
2.020408213138580322e-01
2.387755066156387329e-01
2.755101919174194336e-01
3.122448921203613281e-01
3.489795923233032227e-01
3.857142925262451172e-01
4.224489927291870117e-01
4.591836631298065186e-01
4.959183633327484131e-01
5.326530337333679199e-01
5.693877339363098145e-01
6.061224341392517090e-01
6.428571343421936035e-01
6.795918345451354980e-01
7.163265347480773926e-01
7.530612349510192871e-01
7.897959351539611816e-01
8.265306353569030762e-01
8.632653355598449707e-01
8.999999761581420898e-01
-8.999999761581420898e-01
-8.632653355598449707e-01
-8.265306353569030762e-01
-7.897959351539611816e-01
-7.530612349510192871e-01
-7.163265347480773926e-01
-6.795918345451354980e-01
-6.428571343421936035e-01
-6.061224341392517090e-01
-5.693877339363098145e-01
-5.326530337333679199e-01
-4.959183633327484131e-01
-4.591836631298065186e-01
-4.224489927291870117e-01
-3.857142925262451172e-01
-3.489795923233032227e-01
-3.122448921203613281e-01
-2.755101919174194336e-01
-2.387755066156387329e-01
-2.020408213138580322e-01
-1.653061211109161377e-01
-1.285714358091354370e-01
-9.183673560619354248e-02
-5.510203912854194641e-02
-1.836734637618064880e-02
1.836734637618064880e-02
5.510203912854194641e-02
9.183673560619354248e-02
1.285714358091354370e-01
1.653061211109161377e-01
2.020408213138580322e-01
2.387755066156387329e-01
2.755101919174194336e-01
3.122448921203613281e-01
3.489795923233032227e-01
3.857142925262451172e-01
4.224489927291870117e-01
4.591836631298065186e-01
4.959183633327484131e-01
5.326530337333679199e-01
5.693877339363098145e-01
6.061224341392517090e-01
6.428571343421936035e-01
6.795918345451354980e-01
7.163265347480773926e-01
7.530612349510192871e-01
7.897959351539611816e-01
8.265306353569030762e-01
8.632653355598449707e-01
8.999999761581420898e-01
-8.999999761581420898e-01
-8.632653355598449707e-01
-8.265306353569030762e-01
-7.897959351539611816e-01
-7.530612349510192871e-01
-7.163265347480773926e-01
-6.795918345451354980e-01
-6.428571343421936035e-01
-6.061224341392517090e-01
-5.693877339363098145e-01
-5.326530337333679199e-01
-4.959183633327484131e-01
-4.591836631298065186e-01
-4.224489927291870117e-01
-3.857142925262451172e-01
-3.489795923233032227e-01
-3.122448921203613281e-01
-2.755101919174194336e-01
-2.387755066156387329e-01
-2.020408213138580322e-01
-1.653061211109161377e-01
-1.285714358091354370e-01
-9.183673560619354248e-02
-5.510203912854194641e-02
-1.836734637618064880e-02
1.836734637618064880e-02
5.510203912854194641e-02
9.183673560619354248e-02
1.285714358091354370e-01
1.653061211109161377e-01
2.020408213138580322e-01
2.387755066156387329e-01
2.755101919174194336e-01
3.122448921203613281e-01
3.489795923233032227e-01
3.857142925262451172e-01
4.224489927291870117e-01
4.591836631298065186e-01
4.959183633327484131e-01
5.326530337333679199e-01
5.693877339363098145e-01
6.061224341392517090e-01
6.428571343421936035e-01
6.795918345451354980e-01
7.163265347480773926e-01
7.530612349510192871e-01
7.897959351539611816e-01
8.265306353569030762e-01
8.632653355598449707e-01
8.999999761581420898e-01
-8.999999761581420898e-01
8.999999761581420898e-01
0.000000000000000000e+00
-4.499999880790710449e-01
4.499999284744262695e-01
-6.749999523162841797e-01
2.250000238418579102e-01
-2.250000238418579102e-01
6.749999523162841797e-01
-7.874999642372131348e-01
1.124999523162841797e-01
-3.374999761581420898e-01
5.625000000000000000e-01
-5.625000000000000000e-01
3.374999761581420898e-01
-1.125000119209289551e-01
7.875000238418579102e-01
-8.437500000000000000e-01
5.624997615814208984e-02
-3.937500119209289551e-01
5.062500238418579102e-01
-6.187499761581420898e-01
2.812500000000000000e-01
-1.687499880790710449e-01
7.312499284744262695e-01
-7.312499880790710449e-01
1.687500476837158203e-01
-2.812500000000000000e-01
6.187499761581420898e-01
-5.062500238418579102e-01
3.937499523162841797e-01
-5.624997615814208984e-02
8.437500000000000000e-01
-8.718749880790710449e-01
2.812498807907104492e-02
-4.218750000000000000e-01
4.781249761581420898e-01
-6.468750238418579102e-01
2.531249523162841797e-01
-1.968749761581420898e-01
7.031250000000000000e-01
-7.593749761581420898e-01
1.406250000000000000e-01
-3.093749880790710449e-01
5.906249284744262695e-01
-5.343749523162841797e-01
3.656250238418579102e-01
-8.437502384185791016e-02
8.156249523162841797e-01
-8.156249523162841797e-01
8.437502384185791016e-02
-3.656249642372131348e-01
5.343749523162841797e-01
-5.906249880790710449e-01
3.093750476837158203e-01
-1.406250000000000000e-01
7.593749761581420898e-01
-7.031250000000000000e-01
1.968749761581420898e-01
-2.531250119209289551e-01
6.468750238418579102e-01
-4.781249761581420898e-01
4.218750000000000000e-01
-2.812498807907104492e-02
8.718749284744262695e-01
-8.859374523162841797e-01
1.406252384185791016e-02
-4.359374940395355225e-01
4.640624523162841797e-01
-6.609374880790710449e-01
2.390625476837158203e-01
-2.109375000000000000e-01
6.890624761581420898e-01
-7.734375000000000000e-01
1.265624761581420898e-01
-3.234375119209289551e-01
5.765625238418579102e-01
-5.484374761581420898e-01
3.515625000000000000e-01
-9.843748807907104492e-02
8.015624284744262695e-01
-8.296874761581420898e-01
7.031250000000000000e-02
-3.796874880790710449e-01
5.203124284744262695e-01
-6.046874523162841797e-01
2.953125238418579102e-01
-1.546875238418579102e-01
7.453124523162841797e-01
-7.171874642372131348e-01
1.828124523162841797e-01
-2.671874761581420898e-01
6.328125000000000000e-01
-4.921875000000000000e-01
4.078124761581420898e-01
-4.218751192092895508e-02
8.578125238418579102e-01
-8.578124642372131348e-01
4.218751192092895508e-02
-4.078124761581420898e-01
4.921875000000000000e-01
-6.328125000000000000e-01
